<?xml version="1.0" encoding="UTF-8" standalone="no"?>
<svg
   xmlns:dc="http://purl.org/dc/elements/1.1/"
   xmlns:cc="http://creativecommons.org/ns#"
   xmlns:rdf="http://www.w3.org/1999/02/22-rdf-syntax-ns#"
   xmlns:svg="http://www.w3.org/2000/svg"
   xmlns="http://www.w3.org/2000/svg"
   xmlns:sodipodi="http://sodipodi.sourceforge.net/DTD/sodipodi-0.dtd"
   xmlns:inkscape="http://www.inkscape.org/namespaces/inkscape"
   width="75.592766mm"
   height="99.582779mm"
   viewBox="0 0 75.592766 99.582779"
   version="1.1"
   id="svg8"
   inkscape:version="1.0.1 (3bc2e813f5, 2020-09-07)"
   sodipodi:docname="logo-black.svg">
  <defs
     id="defs2">
    <pattern
       id="EMFhbasepattern"
       patternUnits="userSpaceOnUse"
       width="6"
       height="6"
       x="0"
       y="0" />
    <pattern
       id="EMFhbasepattern-4"
       patternUnits="userSpaceOnUse"
       width="6"
       height="6"
       x="0"
       y="0" />
  </defs>
  <sodipodi:namedview
     id="base"
     pagecolor="#ffffff"
     bordercolor="#666666"
     borderopacity="1.0"
     inkscape:pageopacity="0.0"
     inkscape:pageshadow="2"
     inkscape:zoom="1.4"
     inkscape:cx="390.72325"
     inkscape:cy="271.01151"
     inkscape:document-units="mm"
     inkscape:current-layer="layer1"
     inkscape:document-rotation="0"
     showgrid="false"
     inkscape:window-width="1920"
     inkscape:window-height="1017"
     inkscape:window-x="-8"
     inkscape:window-y="-8"
     inkscape:window-maximized="1"
     inkscape:pagecheckerboard="true" />
  <metadata
     id="metadata5">
    <rdf:RDF>
      <cc:Work
         rdf:about="">
        <dc:format>image/svg+xml</dc:format>
        <dc:type
           rdf:resource="http://purl.org/dc/dcmitype/StillImage" />
        <dc:title></dc:title>
      </cc:Work>
    </rdf:RDF>
  </metadata>
  <g
     inkscape:label="Layer 1"
     inkscape:groupmode="layer"
     id="layer1"
     transform="translate(-26.92342,-63.38467)">
    <path
       id="path916"
       style="fill:#000000;stroke-width:1.02037"
       d="m 245.50977,239.56836 c -11.83752,-0.11078 -23.79454,1.9433 -34.96094,6.24805 -7.86724,3.03289 -18.92307,10.017 -38.38281,24.24804 -16.60143,12.14075 -31.04986,18.15769 -50.51172,21.03516 -5.61204,0.82975 -11.70344,1.99068 -13.53711,2.58008 -6.36217,2.04501 -6.35938,2.02288 -6.35938,52.49804 0,42.91886 0.10362,45.54797 1.78516,45.07032 0.98211,-0.27897 7.06568,-2.11608 13.51953,-4.08203 6.45385,-1.96593 14.8369,-4.27249 18.62891,-5.125 l 6.89453,-1.55079 -4.85352,9.11524 c -4.63226,8.69741 -5.05672,9.16553 -9.31836,10.25781 -2.45599,0.62948 -9.34458,2.79771 -15.30664,4.81836 l -10.83984,3.67383 -0.29883,8.54297 c -0.27489,7.86996 -0.15364,8.48266 1.53125,7.79883 4.72896,-1.91929 19.68555,-7.43753 19.68555,-7.26368 0,0.1078 -2.52032,4.75726 -5.60157,10.33399 -5.22255,9.45226 -5.94967,10.29348 -10.71484,12.39648 l -5.11133,2.25586 0.006,15.10742 c 0.003,8.30952 0.3017,18.89743 0.66211,23.52735 0.36042,4.62992 0.94408,8.41797 1.29883,8.41797 0.35474,0 6.79089,-11.82441 14.30273,-26.27539 68.84625,-132.44383 71.60243,-137.24806 87.17969,-152.04493 12.8559,-12.21184 25.06958,-17.60162 39.8418,-17.58007 16.23923,0.0239 28.91769,5.80771 42.41992,19.34765 13.59045,13.6284 17.49796,20.2465 59.72266,101.1875 13.27986,25.45633 27.19879,52.13612 30.93164,59.28906 3.73281,7.15287 7.06729,13.00773 7.4082,13.00977 1.57081,0.0113 1.92969,-18.49442 1.92969,-99.17187 0,-95.64253 0.28734,-91.41822 -6.35938,-93.55469 -1.83367,-0.5894 -7.92507,-1.75033 -13.53711,-2.58008 -20.20666,-2.98759 -34.34152,-9.15712 -54.0957,-23.61328 -6.72576,-4.92192 -15.57598,-11.14515 -19.66797,-13.82813 -13.94399,-9.14259 -30.99003,-13.92793 -48.29101,-14.08984 z m -0.39063,72.99414 c -14.53102,0.10959 -25.90809,10.81758 -41.61133,39.16016 -15.31799,27.64725 -90.52539,169.71047 -90.52539,170.99804 0,0.49059 2.15462,5.14908 4.78906,10.35157 2.63445,5.20248 5.05288,9.45898 5.375,9.45898 0.32214,0 15.43939,-28.35348 33.59375,-63.00781 18.15437,-34.65434 33.3389,-63.36952 33.74219,-63.81055 1.07127,-1.17143 35.91123,-0.93991 47.64649,0.31641 30.20327,3.23342 59.07896,10.66083 85.93164,22.10547 5.81634,2.47891 10.77439,4.30779 11.01953,4.0625 0.88482,-0.88483 -13.21107,-26.33375 -15.33594,-27.6875 -3.30007,-2.10248 -22.09639,-8.23138 -35.84961,-11.68946 -21.43399,-5.3893 -46.76729,-8.629 -74.56055,-9.53711 l -7.21289,-0.23632 4.06055,-7.54493 4.0625,-7.54492 14.88672,0.70117 c 24.42429,1.14943 47.02808,4.77606 71.39062,11.45313 6.97522,1.91168 12.80336,3.35323 12.95118,3.20508 0.52085,-0.52275 -26.27872,-49.34793 -31.32422,-57.06836 -2.81103,-4.30134 -7.82083,-10.40536 -11.13282,-13.56446 -7.70581,-7.3501 -13.83302,-10.1819 -21.89648,-10.12109 z m -28.54102,117.90234 c -1.29051,-0.008 -2.70884,0.007 -4.19335,0.0469 l -10.79688,0.28906 -33.03711,62.75195 c -18.1703,34.51405 -33.05469,63.36491 -33.07812,64.11133 -0.0234,0.74638 2.73973,4.13817 6.14062,7.53906 3.5058,3.50582 6.55524,5.79028 7.04297,5.2754 1.23915,-1.30814 74.52539,-138.40215 74.52539,-139.41211 0,-0.34813 -2.73196,-0.57683 -6.60352,-0.60157 z m 27.70118,2.42578 c -1.9784,0.028 -2.43366,0.66442 -3.14453,1.79883 -0.77009,1.22892 -17.11132,31.62007 -36.31446,67.53711 -19.20314,35.91704 -36.7141,68.59442 -38.91211,72.61524 l -3.99609,7.31054 7.42187,4.61914 c 16.16091,10.06232 38.36851,19.49335 60.48047,25.68164 6.73445,1.8847 13.19819,3.45232 14.36524,3.48633 1.16705,0.0328 7.8905,-1.52122 14.93945,-3.45312 56.24317,-15.41454 97.4945,-45.8077 115.21289,-84.88477 l 3,-6.61523 -13.875,-26.42578 -13.87695,-26.42383 -16.51758,-8.12891 c -24.88932,-12.24714 -45.19701,-19.22426 -69.82031,-23.98828 -11.35781,-2.19748 -16.41924,-3.16494 -18.96289,-3.12891 z m 12.1289,122.11133 c 2.53414,-0.0795 5.16604,0.23818 6.94727,0.98243 2.12019,0.88588 4.50976,4.00511 4.50976,5.88671 0,0.3984 -1.06638,0.72266 -2.36914,0.72266 -1.75371,0 -2.4801,-0.35271 -2.80078,-1.36328 -0.53281,-1.67872 -4.81637,-2.95314 -7.87304,-2.3418 -3.98508,0.79703 -5.62287,5.74238 -2.82813,8.53711 1.04104,1.04107 2.2999,1.37891 5.125,1.37891 3.17297,0 3.95389,-0.26292 5.10352,-1.72461 0.9271,-1.17861 2.03568,-1.72461 3.5,-1.72461 2.66216,0 2.77301,1.21422 0.37304,4.06641 -2.77784,3.30126 -9.41501,4.48224 -14.72656,2.62109 -6.49915,-2.27724 -7.31506,-11.98216 -1.31445,-15.64063 1.38347,-0.84347 3.81938,-1.32092 6.35351,-1.40039 z m -24.48242,0.002 c 4.45745,0 5.77372,0.26945 7.71875,1.58007 2.73748,1.84479 3.14455,4.17134 0.78906,4.50586 -0.8552,0.12133 -2.37234,-0.42141 -3.37109,-1.20703 -2.81515,-2.21438 -11.28906,-1.94582 -11.28906,0.35742 0,1.11859 1.42433,1.46185 7.95898,1.91407 5.76222,0.39874 8.49155,1.49008 9.02344,3.60937 1.13939,4.53978 -1.78313,6.66363 -9.54883,6.93945 -3.13981,0.1115 -6.59714,-0.0806 -7.68164,-0.42773 -4.60666,-1.47379 -6.37977,-5.54102 -2.41601,-5.54101 1.1916,0 2.52827,0.49653 2.9707,1.10156 0.60057,0.82136 2.03981,1.10807 5.67969,1.13086 5.12171,0.034 6.43359,-0.34469 6.43359,-1.8418 0,-1.07739 -3.01468,-1.76953 -7.69922,-1.76953 -6.8663,0 -11.02474,-3.51403 -8.57812,-7.24805 1.60166,-2.44448 3.72475,-3.10351 10.00976,-3.10351 z"
       transform="scale(0.26458333)" />
    <path
       style="fill:#000000;stroke-width:0.269973"
       id="path906"
       d="" />
  </g>
</svg>
